42291	gi|262205317|ref|NR_030195.1|	100.00	61	0	0	1	61	1	61	5e-23	 111
42291	gi|301171311|ref|NR_035856.1|	100.00	60	0	0	2	61	1	60	2e-22	 109
42291	gi|270133242|ref|NR_032573.1|	96.72	61	2	0	1	61	13	73	3e-20	 102
42291	gi|301171322|ref|NR_035857.1|	96.67	60	2	0	2	61	14	73	9e-20	 100
42291	gi|301171322|ref|NR_035857.1|	80.00	60	12	0	1	60	73	14	3e-06	55.4
42291	gi|301171267|ref|NR_035851.1|	96.67	60	2	0	1	60	10	69	9e-20	 100
42291	gi|262205330|ref|NR_030198.1|	96.67	60	2	0	2	61	15	74	9e-20	 100
42291	gi|262205330|ref|NR_030198.1|	80.00	60	12	0	1	60	74	15	3e-06	55.4
42291	gi|262205302|ref|NR_030191.1|	96.67	60	2	0	1	60	11	70	9e-20	 100
42291	gi|301171259|ref|NR_035850.1|	96.61	59	2	0	1	59	13	71	3e-19	98.7
42291	gi|262205451|ref|NR_030222.1|	96.61	59	2	0	1	59	14	72	3e-19	98.7
42291	gi|301171447|ref|NR_035871.1|	95.00	60	3	0	1	60	11	70	4e-18	95.1
42291	gi|301171447|ref|NR_035871.1|	78.33	60	13	0	2	61	70	11	1e-04	50.0
42291	gi|301171276|ref|NR_035852.1|	95.00	60	3	0	1	60	13	72	4e-18	95.1
42291	gi|262205290|ref|NR_030188.1|	95.00	60	3	0	1	60	14	73	4e-18	95.1
42291	gi|301171354|ref|NR_035860.1|	93.44	61	4	0	1	61	13	73	1e-17	93.3
42291	gi|262205281|ref|NR_030186.1|	93.44	61	4	0	1	61	14	74	1e-17	93.3
42291	gi|262205298|ref|NR_030190.1|	93.33	60	4	0	1	60	12	71	5e-17	91.5
42291	gi|262205298|ref|NR_030190.1|	78.33	60	13	0	2	61	71	12	1e-04	50.0
42291	gi|301171394|ref|NR_035865.1|	93.22	59	4	0	1	59	13	71	2e-16	89.7
42291	gi|262205429|ref|NR_030218.1|	94.74	57	3	0	3	59	15	71	2e-16	89.7
42291	gi|262205423|ref|NR_030217.1|	93.22	59	4	0	1	59	14	72	2e-16	89.7
42291	gi|301171401|ref|NR_035866.1|	91.80	61	5	0	1	61	6	66	6e-16	87.8
42291	gi|270133247|ref|NR_032574.1|	91.80	61	5	0	1	61	11	71	6e-16	87.8
42291	gi|262205309|ref|NR_030193.1|	91.80	61	5	0	1	61	14	74	6e-16	87.8
42291	gi|270132717|ref|NR_032716.1|	91.67	60	5	0	1	60	12	71	2e-15	86.0
42291	gi|270132717|ref|NR_032716.1|	76.67	60	14	0	2	61	71	12	0.002	46.4
42291	gi|301171437|ref|NR_035870.1|	90.16	61	6	0	1	61	4	64	7e-15	84.2
42291	gi|301171437|ref|NR_035870.1|	73.77	61	16	0	1	61	64	4	0.25	39.2
42291	gi|270133306|ref|NR_032587.1|	90.16	61	6	0	1	61	14	74	7e-15	84.2
42291	gi|270133306|ref|NR_032587.1|	80.33	61	12	0	1	61	74	14	9e-07	57.2
42291	gi|301171428|ref|NR_035869.1|	90.00	60	6	0	1	60	12	71	2e-14	82.4
42291	gi|301171428|ref|NR_035869.1|	81.67	60	11	0	2	61	71	12	3e-07	59.0
42291	gi|301171211|ref|NR_035845.1|	90.00	60	6	0	1	60	11	70	2e-14	82.4
42291	gi|301171153|ref|NR_035838.1|	96.00	50	2	0	12	61	27	76	2e-14	82.4
42291	gi|301171153|ref|NR_035838.1|	77.36	53	12	0	1	53	76	24	0.021	42.8
42291	gi|301171146|ref|NR_035837.1|	96.00	50	2	0	12	61	27	76	2e-14	82.4
42291	gi|301171146|ref|NR_035837.1|	77.36	53	12	0	1	53	76	24	0.021	42.8
42291	gi|270133254|ref|NR_032575.1|	90.00	60	6	0	1	60	14	73	2e-14	82.4
42291	gi|270133254|ref|NR_032575.1|	80.00	60	12	0	2	61	73	14	3e-06	55.4
42291	gi|262205445|ref|NR_030221.1|	96.00	50	2	0	12	61	28	77	2e-14	82.4
42291	gi|262205445|ref|NR_030221.1|	77.36	53	12	0	1	53	77	25	0.021	42.8
42291	gi|262205441|ref|NR_030220.1|	96.00	50	2	0	12	61	28	77	2e-14	82.4
42291	gi|262205441|ref|NR_030220.1|	77.36	53	12	0	1	53	77	25	0.021	42.8
42291	gi|262205325|ref|NR_030197.1|	90.00	60	6	0	1	60	13	72	2e-14	82.4
42291	gi|262205325|ref|NR_030197.1|	81.67	60	11	0	2	61	72	13	3e-07	59.0
42291	gi|262205321|ref|NR_030196.1|	90.00	60	6	0	1	60	12	71	2e-14	82.4
42291	gi|301171236|ref|NR_035848.1|	89.83	59	6	0	1	59	13	71	8e-14	80.6
42291	gi|301171236|ref|NR_035848.1|	77.97	59	13	0	3	61	71	13	5e-04	48.2
42291	gi|262205383|ref|NR_030209.1|	89.83	59	6	0	1	59	14	72	8e-14	80.6
42291	gi|262205383|ref|NR_030209.1|	77.97	59	13	0	3	61	72	14	5e-04	48.2
42291	gi|301171342|ref|NR_035859.1|	88.52	61	7	0	1	61	13	73	3e-13	78.8
42291	gi|262205265|ref|NR_030183.1|	88.52	61	7	0	1	61	14	74	3e-13	78.8
42291	gi|301171247|ref|NR_035849.1|	88.33	60	7	0	1	60	13	72	1e-12	77.0
42291	gi|301171247|ref|NR_035849.1|	81.67	60	11	0	2	61	72	13	3e-07	59.0
42291	gi|270133223|ref|NR_032569.1|	89.47	57	6	0	3	59	25	81	1e-12	77.0
42291	gi|262205313|ref|NR_030194.1|	88.33	60	7	0	1	60	14	73	1e-12	77.0
42291	gi|262205313|ref|NR_030194.1|	81.67	60	11	0	2	61	73	14	3e-07	59.0
42291	gi|301171225|ref|NR_035847.1|	88.14	59	7	0	1	59	13	71	4e-12	75.2
42291	gi|301171225|ref|NR_035847.1|	77.97	59	13	0	3	61	71	13	5e-04	48.2
42291	gi|270133232|ref|NR_032571.1|	88.14	59	7	0	1	59	14	72	4e-12	75.2
42291	gi|262205392|ref|NR_030211.1|	88.14	59	7	0	1	59	14	72	4e-12	75.2
42291	gi|262205392|ref|NR_030211.1|	77.97	59	13	0	3	61	72	14	5e-04	48.2
42291	gi|301171300|ref|NR_035855.1|	87.93	58	7	0	1	58	12	69	1e-11	73.4
42291	gi|301171161|ref|NR_035839.1|	92.00	50	4	0	12	61	27	76	1e-11	73.4
42291	gi|301171161|ref|NR_035839.1|	78.00	50	11	0	1	50	76	27	0.073	41.0
42291	gi|270133259|ref|NR_032576.1|	85.71	63	5	4	1	59	14	76	1e-11	73.4
42291	gi|270133259|ref|NR_032576.1|	77.78	63	10	4	3	61	76	14	0.002	46.4
42291	gi|270133218|ref|NR_032568.1|	86.67	60	8	0	1	60	12	71	1e-11	73.4
42291	gi|270133218|ref|NR_032568.1|	76.67	60	14	0	2	61	71	12	0.002	46.4
42291	gi|270132725|ref|NR_032718.1|	92.00	50	4	0	12	61	28	77	1e-11	73.4
42291	gi|270132725|ref|NR_032718.1|	78.00	50	11	0	1	50	77	28	0.073	41.0
42291	gi|262205396|ref|NR_030212.1|	92.00	50	4	0	12	61	28	77	1e-11	73.4
42291	gi|262205396|ref|NR_030212.1|	78.00	50	11	0	1	50	77	28	0.073	41.0
42291	gi|262205294|ref|NR_030189.1|	87.93	58	7	0	1	58	13	70	1e-11	73.4
42291	gi|301171602|ref|NR_035634.1|	86.89	61	6	2	3	61	12	72	4e-11	71.6
42291	gi|301171602|ref|NR_035634.1|	78.69	61	11	2	1	59	72	12	0.006	44.6
42291	gi|301171454|ref|NR_035872.1|	93.62	47	3	0	9	55	21	67	4e-11	71.6
42291	gi|301171333|ref|NR_035858.1|	86.89	61	6	2	3	61	13	73	4e-11	71.6
42291	gi|301171291|ref|NR_035854.1|	87.72	57	7	0	3	59	15	71	4e-11	71.6
42291	gi|301171219|ref|NR_035846.1|	87.72	57	7	0	3	59	24	80	4e-11	71.6
42291	gi|301171219|ref|NR_035846.1|	77.19	57	13	0	3	59	80	24	0.006	44.6
42291	gi|269847477|ref|NR_031696.1|	87.93	58	5	2	4	59	14	71	4e-11	71.6
42291	gi|262205435|ref|NR_030219.1|	93.62	47	3	0	9	55	20	66	4e-11	71.6
42291	gi|262205336|ref|NR_030199.1|	87.72	57	7	0	3	59	25	81	4e-11	71.6
42291	gi|262205336|ref|NR_030199.1|	77.19	57	13	0	3	59	81	25	0.006	44.6
42291	gi|270133264|ref|NR_032577.1|	86.21	58	8	0	1	58	13	70	2e-10	69.8
42291	gi|269846946|ref|NR_031573.1|	86.67	60	6	2	4	61	14	73	2e-10	69.8
42291	gi|269846946|ref|NR_031573.1|	78.33	60	11	2	1	58	73	14	0.021	42.8
42291	gi|262205358|ref|NR_030204.1|	86.67	60	6	2	4	61	15	74	2e-10	69.8
42291	gi|301171206|ref|NR_035844.1|	91.49	47	4	0	9	55	21	67	5e-10	68.0
42291	gi|301171206|ref|NR_035844.1|	80.85	47	9	0	9	55	65	19	0.006	44.6
42291	gi|301171169|ref|NR_035840.1|	90.00	50	5	0	12	61	27	76	5e-10	68.0
42291	gi|262205387|ref|NR_030210.1|	91.49	47	4	0	9	55	20	66	5e-10	68.0
42291	gi|262205387|ref|NR_030210.1|	80.85	47	9	0	9	55	64	18	0.006	44.6
42291	gi|301171381|ref|NR_035863.1|	84.75	59	9	0	1	59	13	71	2e-09	66.2
42291	gi|270133201|ref|NR_032565.1|	84.75	59	9	0	1	59	13	71	2e-09	66.2
42291	gi|262205417|ref|NR_030216.1|	84.75	59	9	0	1	59	14	72	2e-09	66.2
42291	gi|270133214|ref|NR_032567.1|	87.27	55	6	1	1	54	14	68	6e-09	64.4
42291	gi|262205407|ref|NR_030214.1|	84.75	59	7	2	1	59	19	75	6e-09	64.4
42291	gi|262205377|ref|NR_030208.1|	83.61	61	6	4	1	61	5	61	6e-09	64.4
42291	gi|270133311|ref|NR_032588.1|	83.61	61	8	2	1	59	14	74	2e-08	62.6
42291	gi|270133311|ref|NR_032588.1|	75.41	61	13	2	3	61	74	14	0.073	41.0
42291	gi|270133297|ref|NR_032585.1|	83.05	59	10	0	1	59	14	72	2e-08	62.6
42291	gi|262205401|ref|NR_030213.1|	89.36	47	5	0	9	55	22	68	2e-08	62.6
42291	gi|262205401|ref|NR_030213.1|	80.85	47	9	0	9	55	66	20	0.006	44.6
42291	gi|301171372|ref|NR_035862.1|	82.54	63	6	5	1	59	13	74	8e-08	60.8
42291	gi|301171372|ref|NR_035862.1|	79.37	63	8	5	3	61	74	13	0.002	46.4
42291	gi|262205412|ref|NR_030215.1|	82.54	63	6	5	1	59	14	75	8e-08	60.8
42291	gi|262205412|ref|NR_030215.1|	79.37	63	8	5	3	61	75	14	0.002	46.4
42291	gi|262205366|ref|NR_030206.1|	82.54	63	6	5	1	59	14	75	8e-08	60.8
42291	gi|262205366|ref|NR_030206.1|	79.37	63	8	5	3	61	75	14	0.002	46.4
42291	gi|270132721|ref|NR_032717.1|	83.64	55	9	0	1	55	12	66	3e-07	59.0
42291	gi|270132721|ref|NR_032717.1|	75.47	53	13	0	9	61	64	12	0.89	37.4
42291	gi|262205276|ref|NR_030185.1|	82.46	57	7	3	3	59	16	69	9e-07	57.2
42291	gi|301171363|ref|NR_035861.1|	80.95	63	7	5	1	59	13	74	3e-06	55.4
42291	gi|270133196|ref|NR_032564.1|	86.00	50	6	1	12	61	28	76	3e-06	55.4
42291	gi|270133191|ref|NR_032563.1|	86.00	50	6	1	12	61	28	76	3e-06	55.4
42291	gi|301171387|ref|NR_035864.1|	80.70	57	11	0	3	59	15	71	1e-05	53.6
42291	gi|262205353|ref|NR_030203.1|	80.70	57	11	0	3	59	16	72	1e-05	53.6
42291	gi|270133237|ref|NR_032572.1|	78.33	60	13	0	2	61	73	14	1e-04	50.0
42291	gi|301171283|ref|NR_035853.1|	78.33	60	12	1	1	59	13	72	0.002	46.4
42291	gi|270133288|ref|NR_032583.1|	77.78	63	9	5	1	59	14	75	0.002	46.4
42291	gi|262205371|ref|NR_030207.1|	80.00	50	5	5	12	61	28	72	0.002	46.4
42291	gi|262205349|ref|NR_030202.1|	78.33	60	12	1	1	59	14	73	0.002	46.4
42291	gi|301171138|ref|NR_035836.1|	78.72	47	6	4	13	59	25	67	0.25	39.2
42291	gi|301171409|ref|NR_035867.1|	74.58	59	15	0	3	61	71	13	0.25	39.2
42291	gi|301173375|ref|NR_035835.1|	78.72	47	6	4	13	59	25	67	0.25	39.2
42291	gi|262205340|ref|NR_030200.1|	74.58	59	15	0	3	61	72	14	0.25	39.2
42291	gi|262205285|ref|NR_030187.1|	78.72	47	6	4	13	59	26	68	0.25	39.2
42291	gi|262205270|ref|NR_030184.1|	78.72	47	6	4	13	59	26	68	0.25	39.2
42291	gi|390332045|ref|XM_776818.2|	92.00	25	2	0	32	56	2287	2263	0.89	37.4
42291	gi|390332043|ref|XM_003723358.1|	92.00	25	2	0	32	56	2284	2260	0.89	37.4
42291	gi|356543101|ref|XM_003539954.1|	100.00	20	0	0	30	49	2157	2176	0.89	37.4
42291	gi|356517317|ref|XM_003527287.1|	100.00	20	0	0	30	49	2494	2513	0.89	37.4
42291	gi|297814701|ref|XM_002875188.1|	92.00	25	2	0	19	43	119	143	0.89	37.4
42291	gi|397513516|ref|XM_003827011.1|	90.32	31	1	2	20	49	4867	4896	3.1	35.6
